192524
192519
192486
192477
192467
192453
192433
192414
192391
192363
192343
192323
192315
192296
192274
192254
192226
192210
192159
192142
192119
192100
192098
192071
192044
192031
192018
191997
191970
191554
191952
191916
191884
191854
191837
191824
191798
191780
191759
191753
191717
191666
191626
191595
191575
191564
191534
191501
191484
191479
191457
191429
191396
191389
191367
191343
191323
191307
191283
191245
191237
191203
191187
191170
191163
191135
191116
191095
191085
191037
191022
191002
190999
190962
190942
190926
190911
190876
190852
190836
190818
190799
190782
190766
190740
190704
190688
190655
190649
190628
190595
190583
190577
190551
190522
190473
190433
190432
190399
190359
190345
190319
190304
190292
190250
190231
190204
190174
190170
190133
190118
190115
190077
190065
190005
189994
189977
189930
189885
189752
189731
50015
50041
50048
50088
50114
50134
50147
50180
50221
50236
50249
50283
50303
50378
50392
50448
50482
50510
50528
50542
50612
50634
50652
50698
50711
50750
50770
50810
50822
50842
50862
50887
50902
50973
50982
51002
51016
51063
51075
51095
51110
51127
51183
51230
51239
51261
51292
51359
51449
51477
51497
51585
51641
51652
51659
51790
51818
51835
51867
51886
51906
51926
51966
51983
51999
52031
52108
52135
52162
50015
50041
50048
50088
50114
50134
50147
50180
50221
50236
50249
50283
50303
50378
50392
50448
50482
50510
50528
50542
50612
50634
50652
50698
50711
50750
50770
50810
50822
50842
50862
50887
50902
50973
50982
51002
51016
51063
51075
51095
51110
51127
51183
51230
51239
51261
51292
51359
51449
51477
51497
51585
51641
51652
51659
51790
51818
51835
51867
51886
51906
51926
51966
51983
51999
52031
52108
52135
52162
100026
100039
100050
100075
100090
100117
100132
100147
100166
100194
100210
100230
100258
100275
100298
100303
100331
100343
100357
100391
100397
100426
100439
100448
100468
100488
100514
100536
100553
100577
100594
100604
100615
100635
100651
100671
100691
100713
100731
100768
100773
100792
100811
100827
100860
100868
100896
100903
100921
100947
100967
101010
101038
101050
101092
101110
101123
101175
101242
101273
101301
101351
101413
101472
101531
101551
101572
101621
101657
101675
101723
101805
101924
101964
101991
102089
102191
102208
102229
102263
102294
102380
102454
102555
102574
102633
102669
102702
102735
102780
102819
102842
102994
103054
103093
103107
103125
103161
103227
103294
103354
103440
103467
103490
103711
103742
103748
103806
103831
103849
103908
103967
103987
104096
104130
104210
104218
104240
104289
104311
104332
104356
104415
104441
104458
104558
104577
104649
104704
104726
104921
104975
105036
105055
105220
105229
105359
105414
105503
105524
105573
105612
105633
105648
105687
105744
105976
106399
106430
106480
106589
106918
106935
107162
107218
107258
107319
107363
107390
107422
107454
107486
107517
107917
107955
107997
108066
108213
108332
108400
108531
108602
108640
108897
108941
109091
109112
109148
109222
109423
109445
109477
109537
109563
109739
109828
109922